$ 1 0.000005 10.20027730826997 50 5 43
155 112 224 160 224 0 0
155 288 256 352 256 0 0
155 464 288 512 288 0 5
w 112 256 80 256 0
w 288 288 256 288 0
w 208 288 256 288 0
w 256 288 256 192 0
w 256 192 80 192 0
w 80 192 80 224 0
w 80 224 112 224 0
w 384 320 416 320 0
w 464 320 416 320 0
w 416 320 416 224 0
w 416 224 288 224 0
w 288 224 288 256 0
w 560 352 592 352 0
w 592 352 592 256 0
w 592 256 464 256 0
w 464 256 464 288 0
w 560 288 560 96 0
w 560 96 288 96 0
w 384 256 384 112 0
w 384 112 320 112 0
w 560 288 640 288 0
w 384 256 448 256 0
w 448 256 448 240 0
w 448 240 640 240 0
w 208 224 272 224 0
w 272 224 272 208 0
w 272 208 640 208 0
R 80 256 80 320 1 2 100 2.5 2.5 0 0.5
M 288 64 288 32 2 2.5
M 320 64 320 32 2 2.5
M 352 64 352 32 2 2.5
w 288 96 288 64 0
w 352 64 352 80 0
w 352 80 208 80 0
w 208 80 208 224 0
w 320 112 320 64 0
o 30 64 0 4099 5 0.00009765625 0 2 30 3
o 29 64 0 4099 5 0.00009765625 1 2 29 3
o 26 64 0 4099 5 0.00009765625 2 2 26 3
o 23 64 0 4099 5 0.00009765625 3 2 23 3
