$ 1 0.000005 10.20027730826997 50 5 43
r -160 -240 -160 -176 0 1000
R -160 -240 -96 -240 0 0 40 5 0 0 0.5
w -160 -176 -160 -160 0
w -160 -176 -160 -96 0
w -160 -160 -128 -160 0
w -128 -128 -192 -128 0
w -160 -96 -160 -32 0
w -160 -96 -128 -96 0
w -128 -64 -192 -64 0
w -160 -32 -160 32 0
w -160 -32 -128 -32 0
w -192 0 -128 0 0
w -160 32 -160 96 0
w -160 32 -128 32 0
w -192 64 -128 64 0
w -160 96 -160 160 0
w -160 96 -128 96 0
w -192 128 -128 128 0
w -160 160 -160 224 0
w -160 160 -128 160 0
w -192 -128 -192 -64 0
w -192 -64 -192 0 0
w -192 0 -192 64 0
w -192 64 -192 128 0
w -192 128 -192 192 0
g -192 192 -192 224 0
w -128 192 -192 192 0
S -96 -144 -128 -144 0 1 false 0 2
S -96 -80 -128 -80 0 1 false 0 2
S -96 -16 -128 -16 0 1 false 0 2
S -96 48 -128 48 0 1 false 0 2
S -96 112 -128 112 0 1 false 0 2
S -96 176 -128 176 0 1 false 0 2
w -96 -144 -64 -144 0
w -96 176 112 176 0
150 112 160 144 160 0 3 5 5
150 112 96 144 96 0 3 0 5
150 112 32 144 32 0 3 0 5
150 112 -32 144 -32 0 3 0 5
w -64 -144 -64 96 0
w 112 160 -64 160 0
w 112 144 -48 144 0
w -48 144 -48 32 0
w -96 -80 -48 -80 0
w -96 112 112 112 0
w -64 96 -64 160 0
w -64 96 112 96 0
w 112 -48 96 -48 0
w 96 -48 96 -144 0
w 96 -144 64 -144 0
I 16 -144 48 -144 0 0.5 5
w 48 -144 64 -144 0
w 112 48 -96 48 0
w -48 32 -48 -80 0
w -48 32 112 32 0
w -64 -144 16 -144 0
w 64 -144 64 16 0
w 64 16 112 16 0
I 0 -80 32 -80 0 0.5 5
w -48 -80 0 -80 0
w 32 -80 48 -80 0
w 80 -80 80 -16 0
w 80 -16 112 -16 0
w 112 -32 -96 -32 0
w -96 -32 -96 -16 0
w 48 -80 80 -80 0
w 48 -80 48 80 0
w 48 80 112 80 0
152 176 64 256 64 0 4 5 5
w 144 32 160 32 0
w 160 32 160 48 0
w 160 48 176 48 0
w 144 96 160 96 0
w 160 96 160 80 0
w 160 80 176 80 0
w 144 160 176 160 0
w 176 160 176 96 0
w 176 32 176 -32 0
w 176 -32 144 -32 0
M 256 64 288 64 2 2.5
S 464 16 432 16 0 1 false 0 2
S 464 -48 432 -48 0 1 false 0 2
S 464 -112 432 -112 0 1 false 0 2
w 368 -32 368 32 0
w 368 -96 368 -32 0
w 368 32 432 32 0
w 400 0 432 0 0
w 432 -32 368 -32 0
w 400 -64 432 -64 0
w 400 -64 400 0 0
w 432 -96 368 -96 0
w 400 -128 432 -128 0
w 400 -144 400 -64 0
w 400 -144 400 -128 0
R 400 -208 464 -208 0 0 40 5 0 0 0.5
r 400 -208 400 -144 0 1000
g 368 32 368 64 0
150 736 -16 816 -16 0 3 0 5
150 736 64 816 64 0 3 0 5
150 736 144 816 144 0 3 5 5
150 736 -96 816 -96 0 3 0 5
w 736 -96 704 -96 0
w 704 -96 704 0 0
w 704 0 736 0 0
w 736 80 704 80 0
w 704 80 704 0 0
w 736 128 704 128 0
w 704 128 704 80 0
w 736 -32 672 -32 0
w 672 -112 672 -32 0
w 736 -112 672 -112 0
w 736 -80 640 -80 0
w 736 48 640 48 0
w 640 48 640 0 0
w 640 0 640 -80 0
w 640 0 608 0 0
w 672 -112 608 -112 0
I 576 -112 608 -112 0 0.5 5
I 576 0 608 0 0 0.5 5
w 576 0 544 0 0
w 544 0 544 -16 0
w 736 -16 544 -16 0
w 736 64 560 64 0
w 560 64 560 -112 0
w 576 -112 560 -112 0
w 704 80 464 80 0
w 736 144 544 144 0
w 544 144 544 0 0
w 736 160 528 160 0
w 528 160 528 -112 0
w 560 -112 528 -112 0
w 528 -112 464 -112 0
w 544 0 464 -48 0
M 816 -96 848 -96 2 2.5
M 816 -16 848 -16 2 2.5
M 816 64 848 64 2 2.5
M 816 144 848 144 2 2.5
w 464 80 464 16 0
