$ 1 0.000005 4.621633621589249 39 5 43
r 48 80 48 144 0 40000
r 256 80 256 144 0 20000
r 448 80 448 144 0 500
w 48 80 256 80 0
w 656 80 656 176 0
v 656 224 656 176 0 0 40 5 0 0 0.5
w 48 144 48 224 0
w 48 224 16 224 0
t 16 224 0 224 1 1 0.5683019943321204 0.568044687752779 100
w 0 208 0 192 0
w 0 192 192 192 0
w 192 192 192 256 0
w 192 256 208 256 0
t 208 256 256 256 0 1 -0.3210789559417745 0.35128988570632286 100
w 256 144 256 224 0
w 256 224 256 240 0
w 256 224 112 224 0
w 0 240 0 256 0
w 0 256 -112 256 0
S -112 272 -112 320 0 1 false 0 2
w -128 320 -160 320 0
w -160 320 -160 368 0
r -160 368 -160 416 0 1000
w -160 416 -160 432 0
w -112 256 -112 272 0
w -96 320 -96 416 0
w 112 224 112 288 0
d 112 288 112 304 2 default
w 112 304 112 320 0
S 112 320 112 352 0 0 false 0 2
w 96 352 96 416 0
w 96 416 48 416 0
w 128 352 128 384 0
r 128 384 128 416 0 1000
r 256 368 256 416 0 12000
w 256 416 256 432 0
w 256 432 256 464 0
g 256 464 256 480 0
w 256 224 400 224 0
t 400 224 448 224 0 1 0.5569963934571776 0.673328124721083 100
w 448 144 448 208 0
w 256 336 416 336 0
t 416 336 448 336 0 1 0.000959281932856695 0.0009592830729856838 100
w 448 304 448 320 0
w 656 256 656 432 0
w 448 352 448 432 0
d 448 272 448 288 2 default
w 448 288 448 304 0
w 448 256 544 256 0
w 544 256 544 432 0
w 0 416 0 400 0
r 0 400 0 368 0 1000
R 0 352 0 320 0 0 40 5 0 0 0.5
w 544 432 656 432 0
v 656 256 656 224 0 0 40 5 0 0 0.5
w 448 240 448 256 0
w 448 256 448 272 0
w 256 272 256 336 0
w 256 336 256 368 0
w 128 416 128 432 0
w 128 432 256 432 0
w 128 432 -128 432 0
w -128 432 -160 432 0
w 256 432 448 432 0
w 448 432 544 432 0
w -96 416 0 416 0
w 0 416 48 416 0
w 448 80 512 80 0
w 656 80 592 80 0
w 0 352 0 368 0
v 384 80 304 80 0 0 40 5 0 0 0.5
w 256 80 304 80 0
w 384 80 448 80 0
w 512 80 592 80 0
o 49 64 0 4099 0.0000762939453125 0.05 0 2 49 3
