$ 1 0.000005 10.20027730826997 68 5 43
r 192 96 192 144 0 40000
r 288 96 288 144 0 20000
r 368 96 368 144 0 500
w 288 96 368 96 0
w 208 96 288 96 0
t 336 192 368 192 0 1 -9.243504444566936 0.490389714736075 100
t 256 208 288 208 0 1 0.5535555066557253 0.5917287183483014 100
t 192 208 160 208 0 1 0.5541725639353279 0.5720898305456052 100
w 288 160 288 192 0
w 368 160 368 176 0
w 336 192 320 176 0
w 320 176 224 176 0
w 368 208 368 224 0
w 368 224 400 224 0
d 368 224 368 256 2 default
d 224 176 224 208 2 default
w 192 96 208 96 0
w 288 224 288 256 0
t 336 288 368 288 0 1 0.5828315432460355 0.6011235198059378 100
w 368 272 368 256 0
w 368 304 368 336 0
w 336 288 288 288 0
w 288 288 288 256 0
w 288 288 288 304 0
r 288 336 288 304 0 12000
w 288 336 288 352 0
w 288 352 368 352 0
w 368 352 368 336 0
w 368 160 368 144 0
w 288 160 288 144 0
w 256 208 256 160 0
w 256 160 128 160 0
w 128 160 128 224 0
w 128 224 160 224 0
w 192 208 192 144 0
w 160 192 144 192 0
w 144 192 144 240 0
w 224 208 224 224 0
w 368 96 464 96 0
w 128 256 128 272 0
w 128 272 112 272 0
w 288 352 112 352 0
w 112 352 112 336 0
r 112 336 112 304 0 1000
w 112 272 112 304 0
S 224 256 224 272 0 1 false 0 2
w 240 272 240 288 0
r 240 336 240 304 0 1000
w 240 288 240 304 0
w 208 272 208 336 0
w 208 336 160 336 0
w 160 336 144 336 0
w 144 336 144 272 0
w 144 272 160 256 0
g 288 352 288 368 0
w 464 352 368 352 0
w 464 96 464 112 0
w 224 224 224 256 0
w 400 224 400 352 0
v 464 160 464 128 0 0 40 5 0 0 0.5
w 464 112 464 128 0
403 448 272 576 336 0 58_64_0_4099_0.625_0.00009765625_0_2_58_3
v 464 176 464 160 0 0 40 5 0 0 0.5
w 464 176 464 352 0
w 240 336 240 352 0
S 144 240 144 256 0 0 false 0 2
